================================================================================
트래블월렛
================================================================================
--- 재 무 상 태 표 (periods=['제 9(당) 기', '제 8(전) 기']) 총 52행 ---
  자산                                       
  유동자산                                     426,122,695,612, 317,153,160,865
  당좌자산                                     426,122,695,612, 317,153,160,865
  현금및현금성자산(주석3,9)                          366,638,777,309, 280,510,264,480
  단기금융상품(주석3)                              10,600,000,000, 500,000,000
  매출채권(주석9,13)                             338,595,332, 281,754,272
  미수금(주석9)                                 16,718,688,466, 17,373,122,707
  미수수익(주석9,13)                             71,276,952, 117,061,450
  선급금                                      31,209,775,489, 17,741,608,202
  선급비용                                     349,733,654, 224,612,804
  당기법인세자산                                  195,848,410, 404,736,950
  비유동자산                                    5,127,899,348, 18,755,944,989
  투자자산                                     2,546,506,380, 1,196,000,401
  매도가능증권(주석4)                              2,546,506,380, 1,075,052,980
  퇴직연금운용자산(주석8)                            -, 120,947,421
  유형자산(주석5)                                1,120,398,109, 1,411,010,717
  비품                                       1,083,439,854, 1,009,444,242
  감가상각누계액                                  (493,884,017), (290,097,572)
  임차자산개량권                                  444,870,000, 444,870,000
  감가상각누계액                                  (111,217,500), (22,243,500)
  건설중인자산                                   197,189,772, 269,037,547
  무형자산(주석6)                                997,619,859, 1,027,483,871
  특허권                                      45,695,181, 4,624,620
  상표권                                      4,932,566, 4,026,047
  소프트웨어                                    946,992,112, 1,021,744,733
  국고보조금                                    -, (2,911,529)
  기타비유동자산                                  463,375,000, 15,121,450,000
  임차보증금                                    418,350,000, 418,350,000
  기타보증금(주석9)                               45,025,000, 14,703,100,000
  자산 총계                                    431,250,594,960, 335,909,105,854
  부채                                       
  유동부채                                     386,300,363,367, 302,488,833,301
  미지급금(주석9,13,15)                          4,147,181,559, 3,712,231,901
  단기차입금(주석7,15)                            10,023,000,000, 540,000,000
  예수금(주석9)                                 370,920,873,662, 297,222,460,486
  부가세예수금                                   17,618,301, 12,734,290
  선수금                                      10,817,700, 3,304,600
  미지급비용(주석15)                              1,180,872,145, 998,102,024
  비유동부채                                    348,650,003, -
  퇴직급여충당부채(주석8)                            1,798,563,285, 1,021,312,434
  퇴직연금운용자산(주석8)                            (1,449,913,282), (1,021,312,434)
  부채총계                                     386,649,013,370, 302,488,833,301
  자본                                       
  자본금                                      9,926,740,000, 9,328,930,000
  보통주자본금(주석10)                             4,114,020,000, 3,949,470,000
  우선주자본금(주석10)                             5,812,720,000, 5,379,460,000
  자본잉여금                                    79,021,695,485, 62,865,250,253
  주식발행초과금(주석10)                            79,021,695,485, 62,865,250,253
  결손금(주석11)                                44,346,853,895, 38,773,907,700
  미처리결손금                                   (44,346,853,895), (38,773,907,700)
  자본총계                                     44,601,581,590, 33,420,272,553
  부채와 자본총계                                 431,250,594,960, 335,909,105,854

--- 손 익 계 산 서 (periods=['제 9(당) 기', '제 8(전) 기']) 총 41행 ---
  영업수익                                     70,638,984,828, 59,235,693,387
  수수료매출                                    40,717,201,555, 36,812,285,289
  외환차익                                     29,623,391,024, 22,073,005,945
  기타매출                                     298,392,249, 350,402,153
  영업비용                                     82,949,323,046, 89,462,829,161
  급여                                       8,261,956,690, 6,343,610,053
  퇴직급여                                     1,167,697,246, 514,928,898
  복리후생비                                    1,108,243,127, 902,941,555
  여비교통비                                    116,547,962, 148,628,447
  접대비                                      64,996,303, 65,668,190
  통신비                                      18,232,046, 8,374,994
  세금과공과                                    85,495,008, 1,341,720
  감가상각비                                    292,760,445, 175,151,519
  지급임차료                                    793,301,800, 572,288,530
  경상개발비                                    1,398,151,698, 1,438,341,959
  보험료                                      79,438,509, 80,301,635
  운반비                                      0, 3,044,364
  교육훈련비                                    12,923,961, 15,063,696
  도서인쇄비                                    5,333,840, 5,674,466
  소모품비                                     18,436,966, 2,507,782,668
  지급수수료                                    23,501,125,353, 37,502,517,690
  무형자산상각비                                  334,472,814, 287,033,267
  광고선전비                                    169,032,398, 584,346,984
  판매촉진비                                    1,008,034,606, 738,551,651
  외환차손                                     44,513,142,274, 37,567,236,875
  영업손실                                     12,310,338,218, 30,227,135,774
  영업외수익                                    13,522,902,244, 29,512,770,630
  이자수익                                     1,574,789,760, 2,459,536,295
  외환차익                                     300,000,000, 1,293,899,964
  외화환산이익                                   9,554,451,816, 12,875,596,985
  파생상품거래이익                                 2,093,437,583, 12,882,581,548
  잡이익                                      223,085, 1,155,838
  영업외비용                                    6,785,510,221, 21,408,052,532
  이자비용                                     67,264,486, 27,940,500
  외화환산손실                                   5,172,452,207, 5,862,837,940
  파생상품거래손실                                 1,535,733,063, 15,488,049,886
  유형자산처분손실                                 -, 17,752,433
  잡손실                                      10,060,465, 11,471,773
  법인세비용차감전순손실                              5,572,946,195, 22,122,417,676
  법인세등                                     -, -
  당기순손실                                    5,572,946,195, 22,122,417,676

--- 자 본 변 동 표 (periods=['과     목', '자 본 금', '자  본잉여금', '이  익잉여금', '총   계']) 총 10행 ---
  2024년 01월 01일 (전기초)                      4,594,950,000, 67,339,830,613, (16,651,490,024), 55,283,290,589
  무상증자                                     4,594,950,000, (4,618,407,760), -, (23,457,760)
  주식선택권 행사                                 139,030,000, 143,827,400, -, 282,857,400
  당기순손실                                    -, -, (22,122,417,676), (22,122,417,676)
  2024년 12월 31일 (전기말)                      9,328,930,000, 62,865,250,253, (38,773,907,700), 33,420,272,553
  2025년 01월 01일 (당기초)                      9,328,930,000, 62,865,250,253, (38,773,907,700), 33,420,272,553
  유상증자                                     433,260,000, 15,821,658,702, -, 16,254,918,702
  주식선택권 행사                                 164,550,000, 334,786,530, -, 499,336,530
  당기순손실                                    -, -, (5,572,946,195), (5,572,946,195)
  2025년 12월 31일 (당기말)                      9,926,740,000, 79,021,695,485, (44,346,853,895), 44,601,581,590

--- 현 금 흐 름 표 (periods=['제 9(당) 기', '제 8(전) 기']) 총 54행 ---
  영업활동으로 인한 현금흐름                           72,971,617,305, 28,164,979,934
  당기순손실                                    (5,572,946,195), (22,122,417,676)
  현금의 유출이 없는 비용 등의 가산                      8,503,115,775, 22,347,573,943
  퇴직급여                                     1,167,697,246, 514,928,898
  감가상각비                                    292,760,445, 175,151,519
  무형자산상각비                                  334,472,814, 287,033,267
  외화환산손실                                   5,172,452,207, 5,862,837,940
  파생상품거래손실                                 1,535,733,063, 15,488,049,886
  유형자산처분손실                                 -, 17,752,433
  소모품비                                     -, 1,820,000
  현금의 유입이 없는 수익 등의 차감                      (11,647,889,399), (16,341,359,922)
  외화환산이익                                   9,554,451,816, 3,458,778,374
  파생상품거래이익                                 2,093,437,583, 12,882,581,548
  영업활동으로 인한 자산 부채의 변동                      81,689,339,347, 44,281,183,589
  매출채권의 감소(증가)                             (57,029,551), 69,745,352
  미수금의 감소                                  362,783,671, 11,398,712,622
  미수수익의 감소                                 45,784,498, 259,747,262
  선급금의 감소(증가)                              (13,433,675,327), 6,438,362,622
  선급비용의 감소(증가)                             (125,120,850), 84,191,810
  당기법인세자산의 감소(증가)                          208,888,540, (260,868,057)
  미지급금의 증가                                 434,949,658, 2,292,559,171
  예수금의 증가                                  80,097,614,075, 38,374,155,787
  부가세예수금의 증가                               4,884,011, 8,368,867
  선수금의 증가                                  7,513,100, 3,304,600
  미지급비용의 증가                                182,770,121, 267,818,909
  퇴직금의 지급                                  (390,446,395), (103,479,918)
  퇴직연금운용자산의 증가                             (307,653,427), (894,175,438)
  기타보증금의 감소(증가)                            14,658,075,000, (13,657,260,000)
  투자활동으로 인한 현금흐름                           (11,320,505,519), 34,993,932,611
  투자활동으로 인한 현금유입액                          1,057,704,520, 39,604,726,436
  단기금융상품의 감소                               500,000,000, 39,604,000,429
  건설중인자산의 감소                               -, 726,007
  파생상품거래                                   557,704,520, -
  투자활동으로 인한 현금유출액                          (12,378,210,039), (4,610,793,825)
  단기금융상품의 증가                               (10,600,000,000), 500,000,000
  매도가능증권의 취득                               (1,471,453,400), 8,780,000
  비품의 취득                                   (73,995,612), 206,713,209
  임차자산개량권의 취득                              -, 3,677,000
  건설중인자산의 증가                               (98,145,027), 1,047,670,278
  소프트웨어의 취득                                (134,616,000), -
  임차보증금의 증가                                -, 238,485,000
  파생상품거래                                   -, 2,605,468,338
  재무활동으로 인한 현금흐름                           26,237,255,232, 259,399,640
  재무활동으로 인한 현금유입액                          26,777,255,232, 282,857,400
  유상증자                                     16,254,918,702, -
  주식선택권의 행사                                499,336,530, 282,857,400
  단기차입금의 차입                                10,023,000,000, -
  재무활동으로 인한 현금유출액                          (540,000,000), (23,457,760)
  무상증자                                     -, 23,457,760
  단기차입금의 상환                                (540,000,000), -
  현금의 증가(Ⅰ+Ⅱ+Ⅲ)                            87,888,367,018, 63,418,312,185
  기초의 현금                                   280,510,264,480, 217,091,952,295
  외화표시 현금의 환율변동 효과                         (1,759,854,189), -
  기말의 현금                                   366,638,777,309, 280,510,264,480


================================================================================
핀샷
================================================================================
--- 재 무 상 태 표 (periods=['과               목', '제 10(당) 기말', '제 9(전) 기말']) 총 55행 ---
  자                           산            
  Ⅰ. 유동자산                                  11,010,943,287, 17,630,999,773
  (1) 당좌자산                                 11,010,943,287, 17,630,999,773
  1. 현금및현금성자산(주석3,9)                       2,061,103,156, 11,372,412,141
  2. 외화예치금(주석9)                            8,472,781,101, 4,081,540,699
  대손충당금(주석5)                               (17,443,838), (73,072,325)
  3. 단기금융상품(주석4)                           15,000,000, 2,024,814,300
  4. 미수금(주석9)                              452,502,868, 3,813,972,476
  대손충당금(주석5)                               -, (3,718,193,807)
  5. 미수수익                                  -, 6,359,265
  6. 선급비용                                  -, 93,167,024
  7. 단기대여금(주석20)                           27,000,000, 30,000,000
  Ⅱ. 비유동자산                                 3,675,706,199, 3,776,761,490
  (1) 투자자산                                 2,910,005,101, 2,910,005,101
  1. 매도가능증권(주석6)                           2,115,005,101, 2,115,005,101
  2. 장기금융상품(주석4,21)                        500,000,000, 500,000,000
  3. 장기대여금(주석20)                           295,000,000, 295,000,000
  (2) 유형자산(주석7)                            344,912,553, 374,979,614
  1. 토지                                    122,540,716, 122,540,716
  2. 건물                                    111,825,114, 111,825,114
  감가상각누계액                                  (10,684,383), (7,888,755)
  3. 비품                                    142,363,694, 142,363,694
  감가상각누계액                                  (123,029,909), (107,569,309)
  4. 차량운반구                                 163,572,556, 132,795,218
  감가상각누계액                                  (77,213,441), (47,389,810)
  5. 시설장치                                  71,129,300, 71,129,300
  감가상각누계액                                  (55,591,094), (42,826,554)
  (3) 무형자산(주석8)                            169,986,001, 262,239,215
  1. 영업권                                   152,833,333, 232,233,333
  2. 소프트웨어                                 17,152,668, 30,005,882
  (4) 기타비유동자산                              250,802,544, 229,537,560
  1. 장기미수금(주석9)                            8,937,514,770, -
  대손충당금(주석5)                               (8,937,514,770), -
  2. 임차보증금                                 226,724,544, 205,108,560
  3. 기타보증금(주석9)                            24,078,000, 24,429,000
  자       산       총       계                14,686,649,486, 21,407,761,263
  부                           채            
  Ⅰ. 유동부채                                  2,563,697,887, 6,053,153,770
  1. 고객예수금(주석13)                           578,408,316, 4,698,170,148
  2. 미지급금(주석13,20)                         51,893,973, 257,850,217
  3. 예수금(주석20)                             35,064,785, 112,660,181
  4. 단기차입금(주석10,13,20)                     1,800,000,000, -
  5. 당기법인세부채(주석17)                         59,534,861, 916,821,496
  6. 포인트충당부채(주석12)                         38,795,952, 67,651,728
  Ⅱ. 비유동부채                                 1,288,888,567, 938,888,600
  1. 퇴직급여충당부채(주석11)                        1,288,888,567, 938,888,600
  부       채       총       계                3,852,586,454, 6,992,042,370
  자                           본            
  I. 자본금                                   4,000,000,000, 4,000,000,000
  1. 보통주자본금(주석1,14)                        4,000,000,000, 4,000,000,000
  II. 이익잉여금                                6,834,063,032, 10,415,718,893
  1. 이익준비금                                 640,000,000, 340,000,000
  2. 미처분이익잉여금(주석15)                        6,194,063,032, 10,075,718,893
  자       본       총       계                10,834,063,032, 14,415,718,893
  부  채  및  자  본  총  계                      14,686,649,486, 21,407,761,263

--- 손 익 계 산 서 (periods=['과               목', '제 10(당) 기', '제 9(전) 기']) 총 50행 ---
  I. 영업수익                                  8,259,312,385, 17,643,907,089
  1. 송금수수료수익                               5,815,796,191, 14,071,786,415
  2. 외환차익                                  535,559,572, 1,343,704,645
  3. 카드수수료수익                               35,842,506, 48,842,744
  4. 기타수수료수익(주석20)                         1,872,114,116, 2,179,573,285
  II. 영업비용                                 6,478,923,226, 9,177,518,583
  1. 급여(주석19)                              1,600,743,875, 1,110,106,768
  2. 퇴직급여(주석11,19)                         463,776,945, 558,129,120
  3. 복리후생비(주석19)                           86,762,406, 102,619,014
  4. 여비교통비                                 36,435,932, 17,625,792
  5. 접대비                                   1,313,000, 2,351,300
  6. 통신비                                   15,699,050, 20,743,240
  7. 수도광열비                                 482,811, 1,642,354
  8. 전력비                                   4,836,412, 3,622,439
  9. 세금과공과금(주석19)                          55,232,610, 37,086,050
  10. 감가상각비(주석19)                          60,844,399, 72,261,465
  11. 지급임차료(주석19)                          187,239,621, 182,786,922
  12. 보험료                                  297,000, 200,000
  13. 차량유지비                                43,340,629, 30,749,281
  14. 경상연구개발비                              6,444,152, 7,390,197
  15. 운반비                                  668,090, 652,880
  16. 도서인쇄비                                10,944,465, 7,448,477
  17. 소모품비                                 39,589,534, 30,706,557
  18. 지급수수료 (주석20)                         3,311,221,115, 6,438,870,830
  19. 광고선전비                                236,706,805, 318,188,536
  20. 건물관리비                                86,053,001, 61,072,443
  21. 무형고정자산상각(주석19)                       146,255,514, 98,212,743
  22. 마일리지충당비용 (주석12)                      (28,855,776), 1,979,850
  23. 대손상각비(주석5)                           (55,628,487), 73,072,325
  24. 외환차손                                 168,520,123, -
  III. 영업이익                                1,780,389,159, 8,466,388,506
  IV. 영업외수익                                76,302,490, 184,637,861
  1. 이자수익(주석20)                            11,830,434, 39,202,451
  2. 임대료수익                                 12,000,000, 2,969,637
  3. 단기금융상품평가이익                            -, 11,904,300
  4. 외화환산이익                                9,653,652, 61,051,855
  5. 정부보조금                                 23,562,303, 48,940,895
  6. 잡이익                                   19,256,101, 20,568,723
  V. 영업외비용                                 5,716,897,423, 3,751,786,754
  1. 이자비용(주석20)                            4,159,833, 20,505,940
  2. 외화환산손실                                484,453,223, 10,080,323
  3. 외환차손                                  381,850, -
  4. 무형자산처분손실                              -, -
  5. 기타의대손상각비(주석5)                         5,219,320,963, 3,718,193,807
  6. 잡손실                                   8,581,554, 3,006,684
  VI. 법인세차감전순이익                            (3,860,205,774), 4,899,239,613
  VII. 법인세등(주석17)                          439,643,894, 1,697,085,440
  VIII. 당기순이익                              (4,299,849,668), 3,202,154,173
  IX. 주당손익                                 
  1. 기본주당이익(주석16)                          (537), 400

--- 자 본 변 동 표 (periods=['과     목', '자 본 금', '이  익잉여금', '총   계']) 총 9행 ---
  2024.01.01 (전기초)                         4,000,000,000, 10,213,564,720, 14,213,564,720
  배당금지급                                    -, (3,000,000,000), (3,000,000,000)
  당기순이익                                    -, 3,202,154,173, 3,202,154,173
  2024.12.31 (전기말)                         4,000,000,000, 10,415,718,893, 14,415,718,893
  2025.01.01 (당기초)                         4,000,000,000, 10,415,718,893, 14,415,718,893
  전기오류수정손익                                 -, 3,718,193,807, 3,718,193,807
  배당금지급                                    -, (3,000,000,000), (3,000,000,000)
  당기순이익                                    -, (4,299,849,668), (4,299,849,668)
  2025.12.31 (당기말)                         4,000,000,000, 6,834,063,032, 10,834,063,032

--- 현 금 흐 름 표 (periods=['제 10(당) 기', '제 9(전) 기']) 총 51행 ---
  Ⅰ.영업활동으로 인한 현금흐름                         (10,017,727,663), 11,888,408,208
  1.당기순이익                                  (4,299,849,668), 3,202,154,173
  2.현금의 유출이 없는 비용등의 가산                     6,182,293,025, 4,465,467,146
  감가상각비                                    60,844,399, 72,261,465
  무형자산상각비                                  146,255,514, 98,212,743
  마일리지충당비용                                 (28,855,776), 1,979,850
  대손상각비                                    (55,628,487), 73,072,325
  외화환산손실                                   484,435,209, 10,080,323
  기타의대손상각비                                 5,219,320,963, 3,718,193,807
  잡손실                                      5,921,236, -
  퇴직급여                                     349,999,967, 491,666,633
  3.현금의 유입이 없는 수익등의 차감                     (9,653,652), (72,469,797)
  단기금융상품평가이익                               -, 11,904,300
  외화환산이익                                   9,653,652, 60,565,497
  4.영업활동으로 인한 자산부채의 변동                     (11,890,517,368), 4,293,256,686
  외화예치금의감소(증가)                             (4,865,670,959), 6,218,783,677
  미수금의감소(증가)                               (304,164,910), (46,005,498)
  미수수익의감소(증가)                              566,719, (6,359,265)
  선급금의감소(증가)                               -, -
  선급비용의감소(증가)                              93,167,024, 38,727,151
  고객예수금의증가(감소)                             (5,673,576,967), (700,001,865)
  미지급금의증가(감소)                              (205,956,244), (232,943,286)
  예수금의증가(감소)                               (77,595,396), (103,769,012)
  부가세예수금의증가(감소)                            -, (23,952,320)
  미지급비용의증가(감소)                             -, (151,827,727)
  당기법인세부채의증가(감소)                           (857,286,635), (699,395,169)
  Ⅱ.투자활동으로 인한 현금흐름                         1,906,418,678, (3,984,150,750)
  1.투자활동으로 인한 현금유입액                        2,014,914,300, 2,000,245,000
  단기금융상품의감소                                2,011,914,300, 2,000,000,000
  단기대여금의감소                                 3,000,000, -
  기타보증금의감소                                 -, 245,000
  2.투자활동으로 인한 현금유출액                        (108,495,622), (5,984,395,750)
  단기금융상품의증가                                2,100,000, 4,003,910,000
  단기대여금의증가                                 -, 30,000,000
  장기대여금의증가                                 -, 295,000,000
  매도가능증권의취득                                -, 1,612,000,000
  비품의취득                                    -, 23,175,850
  차량운반구의취득                                 30,777,338, 15,008,900
  영업권의취득                                   44,000,000, -
  소프트웨어의취득                                 10,002,300, 24,000
  임차보증금의증가                                 21,615,984, -
  기타보증금의증가                                 -, 5,277,000
  Ⅲ.재무활동으로 인한 현금흐름                         (1,200,000,000), (4,380,000,000)
  1.재무활동으로 인한 현금유입액                        10,360,000,000, 21,120,000,000
  단기차입금의차입                                 10,360,000,000, 21,120,000,000
  2.재무활동으로 인한 현금유출액                        (11,560,000,000), (25,500,000,000)
  단기차입금의상환                                 8,560,000,000, 22,500,000,000
  배당금의지급                                   3,000,000,000, 3,000,000,000
  Ⅳ.현금의 증가(감소)(Ⅰ+Ⅱ+Ⅲ)                      (9,311,308,985), 3,524,257,458
  Ⅴ.기초의 현금                                 11,372,412,141, 7,848,154,683
  Ⅵ.기말의 현금                                 2,061,103,156, 11,372,412,141


================================================================================
아이씨비
================================================================================
--- 재 무 상 태 표 (periods=['과    목', '제 13(당) 기', '제 12(전) 기']) 총 67행 ---
  자산                                       
  Ⅰ. 유동자산                                  40,323,055,428, 24,576,851,255
  (1) 당좌자산                                 40,322,727,972, 24,576,523,799
  현금및현금성자산(주석4,21)                         28,150,202,962, 19,675,970,853
  단기금융상품(주석5,6)                            284,751,040, 374,032,622
  매출채권(주석21)                               265,335,595, 544,564,990
  대손충당금                                    (42,111,653), (42,111,653)
  단기대여금(주석21,22)                           1,068,615,004, 1,073,307,004
  대손충당금                                    (138,615,004), (127,615,004)
  미수수익                                     2,330,000, 2,610,436
  미수금(주석21)                                9,608,633,800, 1,901,293,859
  대손충당금                                    (368,894,852), (54,069,495)
  예치금(주석21)                                1,290,235,934, 933,100,532
  선급금(주석22)                                36,897,231, 73,545,226
  선급비용                                     159,226,385, 216,874,289
  당기법인세자산                                  6,121,530, 5,020,140
  (2) 재고자산(주석7)                            327,456, 327,456
  상품                                       389,383,740, 389,383,740
  재고평가충당금                                  (389,056,284), (389,056,284)
  Ⅱ. 비유동자산                                 2,771,607,069, 2,608,192,794
  (1) 투자자산                                 1,216,038,781, 1,780,320,775
  장기금융상품(주석5,6)                            120,000,000, 120,000,000
  매도가능증권(주석8)                              1,084,280,781, 1,388,562,775
  관계기업투자(주석8)                              11,758,000, 271,758,000
  (2) 유형자산(주석9)                            233,323,453, 42,756,790
  기계장치                                     29,885,000, 29,885,000
  감가상각누계액                                  (29,882,000), (29,882,000)
  차량운반구                                    70,243,728, 70,243,728
  감가상각누계액                                  (66,956,641), (60,631,226)
  비품                                       1,123,531,699, 1,187,094,784
  감가상각누계액                                  (1,098,820,901), (1,158,637,404)
  시설장치                                     550,749,421, 1,083,347,060
  감가상각누계액                                  (447,426,853), (1,078,663,152)
  건설중인자산                                   102,000,000, -
  (3) 무형자산(주석10)                           88,529,835, 212,727,503
  산업재산권                                    15,879,293, 15,722,545
  소프트웨어                                    12,638,147, 43,112,662
  개발비                                      60,012,395, 153,892,296
  (4) 기타비유동자산                              1,233,715,000, 572,387,726
  보증금(주석21)                                1,233,715,000, 504,670,000
  장기선급비용                                   -, 67,717,726
  자산총계                                     43,094,662,497, 27,185,044,049
  부채                                       
  Ⅰ. 유동부채                                  39,539,001,992, 30,891,326,025
  미지급금(주석12,21,22)                         9,773,345,612, 2,541,738,071
  미지급비용(주석12)                              139,196,728, 127,147,514
  예수금(주석21)                                24,155,417,920, 22,839,685,805
  부가세예수금                                   277,836,275, 169,854,635
  선수금                                      -, 27,000,000
  단기차입금(주석11,12,20)                        5,180,000,000, 5,180,000,000
  파생상품부채(주석20)                             13,205,457, 5,900,000
  Ⅱ. 비유동부채                                 1,083,057,966, 1,044,578,961
  퇴직급여충당부채(주석13)                           1,008,343,497, 917,536,311
  기타비유동부채(주석21)                            50,214,325, 127,042,650
  복구충당부채                                   24,500,144, -
  부채총계                                     40,622,059,958, 31,935,904,986
  자본                                       
  Ⅰ. 자본금(주석1,15)                           12,393,737,000, 6,178,913,000
  보통주자본금                                   11,387,152,000, 5,159,683,000
  우선주자본금                                   1,006,585,000, 1,019,230,000
  II. 자본잉여금(주석15)                          8,638,730,619, 7,650,487,019
  주식발행초과금                                  8,638,730,619, 7,650,487,019
  Ⅲ. 결손금(주석17)                             18,559,865,080, 18,580,260,956
  이익준비금                                    32,978,712, 32,978,712
  미처리결손금                                   (18,592,843,792), (18,613,239,668)
  자본총계                                     2,472,602,539, (4,750,860,937)
  부채와자본총계                                  43,094,662,497, 27,185,044,049

--- 손 익 계 산 서 (periods=['과      목', '제 13(당) 기', '제 12(전) 기']) 총 60행 ---
  Ⅰ. 매출액                                   16,194,296,306, 13,981,770,632
  임대료수입                                    29,161,289, 306,328,655
  서비스수입                                    16,165,135,017, 13,675,441,977
  Ⅱ. 매출원가                                  6,233,785,040, 6,615,307,686
  상품매출원가                                   -, -
  서비스매출원가(주석19)                            6,233,785,040, 6,615,307,686
  Ⅲ. 매출총이익                                 9,960,511,266, 7,366,462,946
  Ⅳ. 판매비와관리비(주석19)                         9,065,580,313, 9,623,152,389
  급여                                       1,811,450,556, 2,180,845,795
  퇴직급여                                     313,904,067, 297,914,029
  복리후생비                                    301,300,889, 490,621,697
  여비교통비                                    42,862,556, 49,276,388
  접대비                                      53,530,437, 63,478,669
  통신비                                      188,334,505, 189,055,699
  수도광열비                                    23,381,930, 24,913,220
  세금과공과금                                   50,347,973, 30,029,098
  감가상각비                                    30,079,809, 54,363,872
  지급임차료                                    322,376,982, 415,632,294
  수선비                                      847,273, 520,000
  보험료                                      95,513,432, 90,883,966
  차량유지비                                    12,892,957, 13,538,043
  경상연구개발비                                  728,740,573, 924,123,617
  운반비                                      17,262,850, 3,934,220
  교육훈련비                                    6,827,500, 2,004,728
  도서인쇄비                                    1,685,315, 4,953,920
  소모품비                                     38,963,653, 28,383,430
  지급수수료                                    3,587,295,779, 3,041,233,916
  광고선전비                                    105,399,174, 117,710,314
  판매촉진비                                    926,803,152, 1,185,931,279
  건물관리비                                    85,752,533, 83,726,426
  무형자산상각비                                  124,490,943, 184,658,019
  외주비                                      195,535,475, 145,419,750
  Ⅴ. 영업이익(손실)                              894,930,953, (2,256,689,443)
  Ⅵ. 영업외수익                                 1,118,880,374, 248,732,768
  이자수익                                     41,789,346, 28,786,194
  외환차익                                     178,937,713, 88,330,632
  외화환산이익                                   159,124,458, 73,236,936
  파생상품평가이익(주석20)                           1,656,000, -
  파생상품거래이익                                 607,131,979, -
  유형자산처분이익                                 128,499,155, -
  수입수수료                                    990,000, 51,667,104
  잡이익                                      751,723, 6,711,902
  Ⅶ. 영업외비용                                 1,993,415,451, 784,209,404
  이자비용                                     281,100,934, 323,683,449
  외환차손                                     81,769,709, 351,445,896
  외화환산손실                                   52,997,673, 5,835,150
  파생상품평가손실(주석20)                           14,861,457, 5,900,000
  파생상품거래손실                                 663,718,075, -
  기타의대손상각비                                 325,825,357, -
  유형자산폐기손실                                 2,595,032, -
  개발비손상차손                                  6,047,725, -
  매도가능증권손상차손                               304,281,994, -
  관계기업투자주식손상차손                             260,000,000, 85,000,000
  기부금                                      -, 11,871,461
  잡손실                                      217,495, 473,448
  Ⅷ. 법인세비용차감전순이익(손실)                       20,395,876, (2,792,166,079)
  Ⅸ. 법인세 등                                 -, -
  Ⅹ. 당기순이익(손실)                             20,395,876, (2,792,166,079)
  XI. 주당손익                                 
  기본보통주당순손익(주석16)                          2, (271)

--- 자 본 변 동 표 (periods=['과     목', '자 본 금', '자  본잉여금', '이  익잉여금', '총   계']) 총 9행 ---
  2024.01.01(전기초)                          6,177,113,000, 7,647,427,019, (15,788,094,877), (1,963,554,858)
  당기순손실                                    -, -, (2,792,166,079), (2,792,166,079)
  유상증자                                     1,800,000, 3,060,000, -, 4,860,000
  2024.12.31(전기말)                          6,178,913,000, 7,650,487,019, (18,580,260,956), (4,750,860,937)
  2025.01.01(당기초)                          6,178,913,000, 7,650,487,019, (18,580,260,956), (4,750,860,937)
  당기순이익                                    -, -, 20,395,876, 20,395,876
  우선주의 보통주 전환                              70,601,000, (70,601,000), -, -
  유상증자                                     6,144,223,000, 1,058,844,600, -, 7,203,067,600
  2025.12.31(당기말)                          12,393,737,000, 8,638,730,619, (18,559,865,080), 2,472,602,539

--- 현 금 흐 름 표 (periods=['과       목', '제 13(당) 기', '제 12(전) 기']) 총 61행 ---
  Ⅰ. 영업활동으로 인한 현금흐름                        2,027,403,832, 5,076,910,126
  1. 당기순이익(손실)                             20,395,876, (2,792,166,079)
  2. 현금의유출이없는비용등의가산                        1,416,488,448, 639,499,957
  퇴직급여                                     313,904,067, 297,914,029
  기타의대손상각비                                 325,825,357, -
  감가상각비                                    30,485,907, 60,192,759
  무형자산상각비                                  124,490,943, 184,658,019
  유형자산폐기손실                                 2,595,032, -
  개발비손상차손                                  6,047,725, -
  이자비용                                     176,602, -
  외화환산손실                                   33,819,364, 5,835,150
  매도가능증권손상차손                               304,281,994, -
  관계기업투자주식손상차손                             260,000,000, 85,000,000
  파생상품평가손실                                 14,861,457, 5,900,000
  3. 현금의유입이없는수익등의차감                        (196,658,926), (52,626,580)
  외화환산이익                                   66,503,771, 52,626,580
  유형자산처분이익                                 128,499,155, -
  파생상품평가이익                                 1,656,000, -
  4. 영업활동으로 인한 자산부채의 변동                    787,178,434, 7,282,202,828
  매출채권의 감소                                 279,053,880, 437,195,294
  미수금의 감소(증가)                              (5,009,522,435), 2,174,742,882
  미수수익의 감소(증가)                             280,436, (1,442,286)
  예치금의 증가                                  (357,135,402), (40,154,054)
  선급금의 감소(증가)                              30,294,995, (46,216,876)
  선급비용의 감소                                 125,365,630, 12,821,415
  당기법인세자산의 감소(증가)                          (1,101,390), 2,601,520
  장기선급비용의 감소                               -, 114,541,370
  미지급금의 증가(감소)                             4,513,351,281, (1,963,443,401)
  예수금의 증가                                  1,342,557,466, 6,878,117,843
  부가세예수금의 증가                               107,981,640, 60,244,649
  선수금의 증가(감소)                              (27,000,000), 27,000,000
  파생상품부채의 감소                               (5,900,000), -
  미지급비용의 증가(감소)                            12,049,214, (44,026,674)
  정산보증금의 증가                                -, 15,955,500
  퇴직금의 지급                                  (223,096,881), (345,734,354)
  Ⅱ. 투자활동으로 인한 현금흐름                        (680,639,323), (509,124,488)
  1. 투자활동으로 인한 현금유입액                       1,103,864,622, 156,240,201
  단기금융상품의 감소                               374,032,622, 53,000,000
  단기대여금의 감소                                269,692,000, 41,533,395
  집기비품의 처분                                 130,000,000, -
  보증금의 감소                                  330,140,000, 61,706,806
  2. 투자활동으로 인한 현금유출액                       (1,784,503,945), (665,364,689)
  단기금융상품의 증가                               284,751,040, 374,032,622
  장기금융상품의 증가                               -, 50,000,000
  단기대여금의 증가                                265,000,000, 200,000,000
  차량운반구의 취득                                -, 8,120,000
  집기비품의 취득                                 11,661,086, 24,182,067
  시설장치의 취득                                 87,151,819, -
  건설중인자산의 취득                               102,000,000, -
  보증금의 증가                                  1,033,940,000, 9,030,000
  Ⅲ. 재무활동으로 인한 현금흐름                        7,127,467,600, (419,540,000)
  1. 재무활동으로 인한 현금유입액                       10,203,067,600, 5,580,460,000
  단기차입금의 증가                                3,000,000,000, 5,500,000,000
  유상증자                                     7,203,067,600, 4,860,000
  임대보증금의 증가                                -, 75,600,000
  2. 재무활동으로 인한 현금유출액                       (3,075,600,000), (6,000,000,000)
  단기차입금의 감소                                3,000,000,000, 6,000,000,000
  임대보증금의 감소                                75,600,000, -
  Ⅳ. 현금의 증가(Ⅰ+Ⅱ+Ⅲ)                         8,474,232,109, 4,148,245,638
  Ⅴ. 기초의 현금                                19,675,970,853, 15,527,725,215
  Ⅵ. 기말의 현금                                28,150,202,962, 19,675,970,853


================================================================================
이롬넷
================================================================================
--- 재 무 상 태 표 (periods=['제 10(당) 기', '제 9(전) 기']) 총 56행 ---
  자                     산                  
  I. 유동자산                                  5,728,229,325, 16,059,984,369
  (1) 당좌자산                                 5,728,229,325, 16,059,984,369
  1. 현금및현금성자산(주석9)                         2,174,407,859, 12,762,880,727
  2. 단기금융상품(주석3, 17)                       1,600,000,000, 1,613,200,000
  3. 단기대여금(주석9, 11)                        15,407,271, 11,556,576
  4. 미수수익                                  23,255,432, 27,467,439
  5. 미수금(주석9)                              192,195,055, 593,306,424
  6. 선급금(주석11)                             1,424,439,902, 948,436,017
  7. 선급비용                                  98,771,576, 72,160,116
  8. 선납세금                                  15,432,230, 30,977,070
  9. 유동기타보증금                               184,320,000, -
  II. 비유동자산                                7,026,599,279, 1,718,601,945
  (1) 투자자산                                 701,614,882, 221,842,382
  1. 매도가능증권(주석4)                           701,614,882, 221,842,382
  (2) 유형자산(주석5)                            356,989,744, 630,842,237
  1. 비품                                    1,001,299,693, 975,559,965
  감가상각누계액                                  (644,313,949), (354,817,916)
  2. 시설장치                                  121,500,000, 121,500,000
  감가상각누계액                                  (121,496,000), (111,399,812)
  (3) 무형자산(주석6)                            449,785,303, 602,477,326
  1. 특허권                                   7,135,372, 9,124,024
  2. 상표권                                   4,866,234, 6,397,202
  3. 개발비                                   261,983,033, 366,775,842
  4. 소프트웨어                                 174,960,630, 218,992,624
  5. 기타의무형자산                               840,034, 1,187,634
  (4) 기타비유동자산                              5,518,209,350, 263,440,000
  1. 임차보증금                                 10,000,000, 184,320,000
  2. 기타보증금                                 5,005,994,350, 79,120,000
  3. 장기미수금(주석9)                            502,215,000, -
  자     산     총     계                      12,754,828,604, 17,778,586,314
  부                     채                  
  I. 유동부채                                  9,024,897,738, 11,965,347,188
  1. 단기차입금(주석7, 18)                        1,500,000,000, 1,700,000,000
  2. 미지급금(주석9, 18)                         95,616,571, 47,752,475
  3. 예수금                                   20,558,050, 16,263,440
  4. 미지급비용(주석18)                           301,751,856, 228,306,154
  5. 정산예수금(주석9, 18)                        3,124,609,692, 6,090,011,223
  6. 지연예수금(주석9, 18)                        161,074,391, 875,778,490
  7. 예수보증금(주석9, 18)                        3,821,287,178, 3,007,235,406
  II. 비유동부채                                7,073,746,359, 1,430,736,669
  1. 퇴직급여충당부채(주석8)                         481,461,588, 619,122,385
  퇴직연금운용자산                                 (4,959,506), (31,217,716)
  2. 장기예수보증금(주석9, 18)                      825,867,000, 842,832,000
  3. 소송충당부채                                5,771,377,277, -
  부     채     총     계                      16,098,644,097, 13,396,083,857
  자                     본                  
  I. 자본금(주석1, 12)                          4,513,957,500, 4,513,957,500
  1. 보통주자본금                                3,017,525,000, 3,017,525,000
  2. 우선주자본금                                1,496,432,500, 1,496,432,500
  II. 자본잉여금                                3,319,703,904, 3,319,703,904
  1. 주식발행초과금                               3,319,703,904, 3,319,703,904
  III. 결손금(주석13)                           11,177,476,897, 3,451,158,947
  1. 미처리결손금                                (11,177,476,897), (3,451,158,947)
  자     본     총     계                      (3,343,815,493), 4,382,502,457
  부 채 와 자 본 총 계                            12,754,828,604, 17,778,586,314

--- 손 익 계 산 서 (periods=['제 10(당) 기', '제 9(전) 기']) 총 50행 ---
  I. 매출액                                   12,692,601,026, 10,483,056,382
  1. 수수료매출                                 12,596,971,570, 10,483,056,382
  2. 상품매출                                  43,923,637, -
  3. 임대수익                                  51,705,819, -
  II. 매출원가                                 9,061,589,980, 7,809,744,493
  1. 수수료원가                                 8,989,162,614, 7,809,744,493
  2. 상품매출원가                                72,427,366, -
  III. 매출총이익                               3,631,011,046, 2,673,311,889
  IV. 판매비와관리비                              5,691,313,091, 5,008,937,507
  1. 급여                                    2,139,216,354, 1,740,112,345
  2. 상여금                                   -, 90,285,796
  3. 퇴직급여                                  137,049,322, 174,519,954
  4. 복리후생비                                 209,331,296, 190,525,451
  5. 여비교통비                                 28,388,237, 27,496,922
  6. 접대비                                   52,117,695, 48,843,174
  7. 통신비                                   172,788,291, 269,475,547
  8. 세금과공과금                                131,905,500, 106,450,770
  9. 감가상각비                                 300,358,617, 228,393,293
  10. 지급임차료                                271,322,789, 238,878,720
  11. 보험료                                  84,278,905, 70,622,213
  12. 차량유지비                                8,047,425, 3,356,870
  13. 경상연구개발비(주석6)                         773,897,129, 633,323,508
  14. 운반비                                  168,118, 52,000
  15. 교육훈련비                                995,245, 442,427
  16. 도서인쇄비                                1,481,618, 585,882
  17. 사무용품비                                15,951,735, 5,701,369
  18. 지급수수료                                476,577,797, 367,163,041
  19. 광고선전비                                234,969,528, 128,648,665
  20. 건물관리비                                136,547,225, 120,614,950
  21. 판매수수료(주석11)                          258,274,992, 306,309,762
  22. 무형자산상각비                              179,892,023, 168,451,438
  23. 송금수수료                                47,926,033, 63,015,010
  24. 운용리스료                                29,827,217, 25,668,400
  V. 영업이익(손실)                              (2,060,302,045), (2,335,625,618)
  VI. 영업외수익                                1,351,302,149, 2,221,974,484
  1. 이자수익                                  93,983,920, 201,095,757
  2. 외환차익                                  1,143,159,910, 1,561,978,777
  3. 외화환산이익                                99,011,094, 423,426,813
  4. 유형자산처분이익                              -, 89,012
  5. 잡이익                                   15,147,225, 35,384,125
  VII. 영업외비용                               7,017,318,054, 1,898,182,315
  1. 이자비용                                  82,421,524, 86,077,592
  2. 외환차손                                  1,089,181,000, 1,582,729,239
  3. 외화환산손실                                31,841,974, 193,331,925
  4. 충당부채전입액(주석20)                         5,771,377,277, -
  5. 유형자산처분손실                              41,929,021, 5,544,527
  6. 잡손실                                   567,258, 30,499,032
  VIII. 법인세비용차감전순이익(손실)                    (7,726,317,950), (2,011,833,449)
  IX. 법인세비용                                -, -
  X. 당기순이익(손실)                             (7,726,317,950), (2,011,833,449)

--- 자 본 변 동 표 (periods=['과     목', '자 본 금', '자  본잉여금', '이  익잉여금', '총   계']) 총 6행 ---
  2024.1.1(전기초)                            4,513,957,500, 3,319,703,904, (1,439,325,498), 6,394,335,906
  당기순손실                                    -, -, (2,011,833,449), (2,011,833,449)
  2024.12.31(전기말)                          4,513,957,500, 3,319,703,904, (3,451,158,947), 4,382,502,457
  2025.1.1(당기초)                            4,513,957,500, 3,319,703,904, (3,451,158,947), 4,382,502,457
  당기순손실                                    -, -, (7,726,317,950), (7,726,317,950)
  2025.12.31(당기말)                          4,513,957,500, 3,319,703,904, (11,177,476,897), (3,343,815,493)

--- 현 금 흐 름 표 (periods=['제 10(당) 기', '제 9(전) 기']) 총 54행 ---
  I. 영업활동으로 인한 현금흐름                        (9,375,974,459), (3,477,646,807)
  1.당기순손실                                  (7,726,317,950), (2,011,833,449)
  2.현금의 유출이 없는 비용 등의 가산                    6,537,122,146, 850,950,436
  퇴직급여                                     212,217,173, 206,916,829
  감가상각비                                    312,941,472, 228,393,293
  무형자산상각비                                  179,892,023, 216,763,878
  외화환산손실                                   18,765,180, 193,331,909
  충당부채전입액                                  5,771,377,277, -
  유형자산처분손실                                 41,929,021, 5,544,527
  3.현금의 유입이 없는 수익 등의 차감                    (99,007,617), (35,595,528)
  외화환산이익                                   99,007,617, 35,506,516
  유형자산처분이익                                 -, 89,012
  4.영업활동으로 인한 자산부채의 변동                     (8,087,771,038), (2,281,168,266)
  매출채권의 증감                                 -, 431,808
  미수수익의증감                                  4,212,007, 531,137
  미수금의 증감                                  (114,436,078), 7,458,353,750
  기타보증금의 증감                                (4,900,000,000), -
  재고자산의 증감                                 (53,463,000), -
  매입보증금의 증감                                -, 425,194,798
  선급금의 증감                                  (25,907,531), (384,409,174)
  선급비용의 증감                                 (26,611,460), (23,745,704)
  선납세금의 증감                                 15,544,840, 2,527,330
  미지급금의 증감                                 48,204,299, (2,779,127)
  예수금의 증감                                  4,294,610, (13,261,880)
  미지급비용의 증감                                73,445,702, (37,091,235)
  정산예수금의 증감                                (2,956,967,766), 3,747,931,241
  지연예수금의 증감                                (711,637,987), (12,979,706,306)
  예수보증금의 증감                                879,171,086, 137,891,625
  유동성장기예수보증금의 증감                           -, (515,760,000)
  퇴직금의 지급                                  (349,877,970), (85,897,485)
  퇴직연금운용자산의 증감                             26,258,210, (11,379,044)
  II. 투자활동으로 인한 현금흐름                       (1,012,498,409), (884,408,244)
  1.투자활동으로 인한 현금유입액                        15,100,000, 1,990,454
  비품의 처분                                   100,000, 1,990,454
  단기금융상품의 해지                               15,000,000, -
  2.투자활동으로 인한 현금유출액                        (1,027,598,409), (886,398,698)
  단기대여금의 증가                                4,200,205, 3,763,968
  장기금융상품의 취득                               1,800,000, 3,600,000
  선급금의 증가                                  450,096,354, -
  비품의 취득                                   27,655,000, 781,694,090
  특허권의 취득                                  -, 3,275,800
  상표권의 취득                                  -, 7,654,840
  소프트웨어의 취득                                27,200,000, 86,410,000
  매도가능증권의 취득                               479,772,500, -
  임차보증금의 증가                                10,000,000, -
  기타보증금의 증가                                26,874,350, -
  III. 재무활동으로 인한 현금흐름                      (200,000,000), -
  1.재무활동으로 인한 현금유입액                        4,739,731,572, -
  단기차입금의 증가                                4,739,731,572, -
  2.재무활동으로 인한 현금유출액                        (4,939,731,572), -
  단기차입금의 감소                                (4,939,731,572), -
  IV. 현금의 증가(감소) (Ⅰ+Ⅱ+Ⅲ)                   (10,588,472,868), (4,362,055,051)
  V. 기초의 현금(주석15)                          12,762,880,727, 17,124,935,778
  VI. 기말의 현금(주석15)                         2,174,407,859, 12,762,880,727


================================================================================
센트비
================================================================================
--- 재 무 상 태 표 (periods=['제 11(당) 기', '제 10(전) 기']) 총 58행 ---
  자                        산               
  I. 유동자산                                  24,087,860,030, 13,574,392,766
  당좌자산                                     24,087,860,030, 13,574,392,766
  현금및현금성자산                                 16,525,890,663, 3,806,711,356
  단기금융상품                                   -, 259
  매출채권                                     46,240,255, 353,734
  미수금                                      983,700,910, 6,052,513,100
  외화예치금(주석9)                               3,575,621,447, 2,434,680,613
  국내예치금                                    2,430,351,954, 682,233,847
  선급금                                      209,957,665, 267,954,430
  선급비용                                     310,300,586, 326,816,427
  당기법인세자산                                  2,146,550, 3,129,000
  기타보증금                                    3,650,000, -
  II. 비유동자산                                7,109,861,811, 7,248,946,292
  투자자산                                     4,488,087,400, 4,488,087,400
  매도가능증권(주석4)                              888,087,400, 888,087,400
  장기금융상품(주석3)                              3,600,000,000, 3,600,000,000
  유형자산(주석5)                                333,734,487, 196,389,116
  비품                                       448,723,034, 402,883,641
  감가상각누계액                                  (367,606,663), (295,552,391)
  정부보조금                                    (4,000), (4,000)
  시설장치                                     506,121,000, 415,331,730
  감가상각누계액                                  (253,498,884), (326,269,864)
  무형자산(주석6)                                803,851,067, 995,602,307
  특허권                                      3,000, 3,000
  상표권                                      23,358,166, 29,584,570
  소프트웨어                                    692,841,698, 788,295,998
  건설중인자산                                   87,648,203, 177,718,739
  기타비유동자산                                  1,484,188,857, 1,568,867,469
  장기미수수익                                   241,731,957, 153,890,369
  임차보증금                                    1,046,838,900, 1,274,258,900
  기타보증금                                    195,618,000, 140,718,200
  자      산      총      계                   31,197,721,841, 20,823,339,058
  부                        채               
  I. 유동부채                                  11,462,632,829, 7,631,460,400
  미지급금(주석8, 9)                             1,070,855,919, 1,025,452,759
  미지급비용                                    289,386,255, 370,948,868
  예수금                                      118,281,171, 173,725,106
  부가세예수금                                   150,000, 482
  고객예수금                                    6,350,354,484, 2,377,722,185
  단기차입금(주석7)                               3,600,000,000, 3,600,000,000
  복구충당부채                                   33,605,000, 83,611,000
  II. 비유동부채                                2,222,712,673, 1,888,895,982
  복구충당부채                                   217,800,000, -
  퇴직급여충당부채(주석10)                           2,004,912,673, 1,888,895,982
  부      채      총      계                   13,685,345,502, 9,520,356,382
  자                        본               
  I. 자본금(주석1,12)                           6,000,489,000, 5,756,736,500
  보통주자본금                                   2,654,368,500, 2,650,492,500
  우선주자본금                                   3,346,120,500, 3,106,244,000
  II. 자본잉여금(주석12)                          33,908,725,887, 26,653,267,138
  주식발행초과금                                  33,870,089,395, 26,614,630,646
  기타자본잉여금                                  38,350,712, 38,350,712
  자기주식처분이익                                 285,780, 285,780
  Ⅲ. 결손금(주석13)                             22,396,838,548, 21,107,020,962
  미처리결손금                                   (22,396,838,548), (21,107,020,962)
  자      본      총      계                   17,512,376,339, 11,302,982,676
  부  채  및  자  본  총  계                      31,197,721,841, 20,823,339,058

--- 손 익 계 산 서 (periods=['제11(당)기', '제10(전)기']) 총 41행 ---
  Ⅰ. 영업수익                                  31,457,983,251, 30,489,897,498
  수수료수익                                    8,633,670,757, 8,175,948,646
  외화거래수익                                   22,824,312,494, 22,313,948,852
  Ⅱ. 영업비용                                  32,654,179,213, 30,978,465,276
  급여                                       7,982,818,946, 11,096,814,597
  퇴직급여                                     1,099,556,145, 1,054,783,488
  복리후생비                                    989,906,003, 1,493,614,491
  여비교통비                                    66,165,509, 194,710,466
  접대비                                      50,413,605, 137,229,242
  통신비                                      49,196,296, 49,606,296
  세금과공과                                    338,663,680, 452,574,423
  감가상각비                                    204,240,065, 150,221,304
  지급임차료                                    2,312,902,975, 2,378,296,358
  보험료                                      95,107,815, 94,599,909
  차량유지비                                    19,792,870, 18,566,514
  교육훈련비                                    5,014,000, 26,530,970
  도서인쇄비                                    20,077,211, 19,070,414
  소모품비                                     26,752,519, 92,537,820
  지급수수료                                    5,921,349,573, 8,220,976,058
  광고선전비                                    636,613,016, 2,073,702,552
  건물관리비                                    419,263,468, 11,318,697
  무형자산상각비                                  194,044,440, 61,088,739
  외화거래비용                                   12,222,301,077, 3,352,222,938
  III. 영업손실                                1,196,195,962, 488,567,778
  IV. 영업외수익                                135,759,638, 348,391,627
  이자수익                                     101,858,609, 102,715,940
  외환차익                                     3,756,787, 2,341,291
  외화환산이익                                   427,228, 3,935,982
  복구충당부채환입                                 14,050,000, -
  기업후원수익                                   -, 214,332,138
  잡이익                                      15,667,014, 25,066,276
  V. 영업외비용                                 229,381,262, 263,899,001
  이자비용                                     132,316,135, 167,977,974
  외환차손                                     2,410,663, 7,633,416
  기부금                                      -, 39,530,000
  외화환산손실                                   3,965,069, 3,920,403
  유형자산처분손실                                 44,417,957, -
  잡손실                                      46,271,438, 44,837,208
  VI. 법인세비용차감전순손실                          1,289,817,586, 404,075,152
  VII. 법인세비용(주석14)                         -, -
  VIII. 당기순손실                              1,289,817,586, 404,075,152

--- 자 본 변 동 표 (periods=['과     목', '자 본 금', '자  본잉여금', '이  익잉여금', '총   계']) 총 10행 ---
  2024.1.1 (전기초)                           5,720,399,000, 26,488,660,993, (20,702,945,810), 11,506,114,183
  주식매수선택권의 행사                              36,337,500, 164,320,365, -, 200,657,865
  자기주식처분                                   -, 285,780, -, 285,780
  당기순손실                                    -, -, (404,075,152), (404,075,152)
  2024.12.31 (전기말)                         5,756,736,500, 26,653,267,138, (21,107,020,962), 11,302,982,676
  2025.1.1 (당기초)                           5,756,736,500, 26,653,267,138, (21,107,020,962), 11,302,982,676
  유상증자                                     239,876,500, 7,255,458,749, -, 7,495,335,249
  주식매수선택권의 행사                              3,876,000, -, -, 3,876,000
  당기순손실                                    -, -, (1,289,817,586), (1,289,817,586)
  2025.12.31 (당기말)                         6,000,489,000, 33,908,725,887, (22,396,838,548), 17,512,376,339

--- 현 금 흐 름 표 (periods=['제 11(당) 기', '제 10(전) 기']) 총 45행 ---
  I. 영업활동으로 인한 현금흐름                        5,312,683,692, (9,733,530,177)
  당기순손실                                    (1,289,817,586), (404,075,152)
  현금의 유출이 없는 비용 등의 가산                      1,295,123,814, 1,091,960,208
  감가상각비                                    204,240,065, 150,221,304
  무형자산상각비                                  194,044,440, 61,088,739
  외화환산손실                                   3,965,069, 3,920,403
  퇴직급여                                     848,456,283, 876,729,762
  유형자산처분손실                                 44,417,957, -
  현금의 유입이 없는 수익 등의 차감                      (427,228), (3,935,982)
  외화환산이익                                   427,228, 3,935,982
  영업활동으로 인한 자산부채의 변동                       5,307,804,692, (10,417,479,251)
  매출채권의감소(증가)                              (45,886,521), 1,649,405
  미수금의감소(증가)                               5,068,812,190, (4,980,046,711)
  미수수익의감소(증가)                              (87,841,588), (82,287,673)
  외화예치금의감소(증가)                             (1,140,940,834), 13,799,204,586
  국내예치금의감소(증가)                             (1,748,118,107), (682,233,847)
  선급금의감소                                   57,996,765, 13,394,641
  선급비용의감소(증가)                              16,515,841, (122,894,436)
  당기법인세자산의감소(증가)                           982,450, (807,920)
  미지급금의증가(감소)                              132,954,819, (13,698,454,176)
  예수금의증가(감소)                               (55,443,935), 34,169,976
  부가세예수금의증가                                149,518, 482
  미지급비용의증가(감소)                             (81,562,613), 102,191,091
  고객예수금의증가(감소)                             3,972,632,299, (4,401,595,808)
  복구충당부채의증가(감소)                            (50,006,000), 660,000
  퇴직금의지급                                   (732,439,592), (400,428,861)
  II. 투자활동으로 인한 현금흐름                       (92,715,634), (3,480,209,469)
  투자활동으로 인한 현금유입액                          1,245,710,359, 1,522,045,427
  단기금융상품의감소                                259, 1,509,825,427
  보증금의회수                                   1,245,710,100, 12,220,000
  투자활동으로 인한 현금유출액                          (1,338,425,993), (5,002,254,896)
  단기금융상품의증가                                -, 1,115,983,710
  장기금융상품의증가                                -, 1,600,000,000
  유형자산의취득                                  164,697,893, 149,140,670
  무형자산의취득                                  93,043,200, 964,827,195
  보증금의증가                                   1,080,684,900, 1,172,303,321
  III. 재무활동으로 인한 현금흐름                      7,499,211,249, 150,943,645
  재무활동으로 인한 현금유입액                          7,499,211,249, 200,943,645
  자기주식의 처분                                 -, 285,780
  유상증자                                     7,499,211,249, 200,657,865
  재무활동으로 인한 현금유출액                          -, (50,000,000)
  단기차입금의 상환                                -, 50,000,000
  IV. 현금의 증가(감소)(I+II+III+Ⅳ)               12,719,179,307, (13,062,796,001)
  V. 기초의 현금                                3,806,711,356, 16,869,507,357
  VI. 기말의 현금(주석15)                         16,525,890,663, 3,806,711,356

